1 Mar,  61, 0218,  43,  59,  31, 147,   6,   -2.5,   -3.1, 1+2, 11.8
 1 Mar,  61, 0148,  36,  53,  23, 140,  11,   -2.2,   -2.6, 1+2, 11.7
 1 Mar,  61, 0118,  34,  50,  23, 125,   5,   -2.3,   -3.3, 1+2, 11.7
 1 Mar,  61, 0048,  38,  45,  31, 115,   4,   -3.0,   -4.4, 1+2, 11.6
 1 Mar,  61, 0018,  21,  36,   5, 109,   4,   -2.7,   -3.7, 1+2, 11.5
 29 Feb,  60, 2348,  18,  33,   6,  100,   7,   -3.0,   -4.1, 1+2, 11.4
 29 Feb,  60, 2318,  20,  29,  11, 125,   3,   -3.0,   -6.0, 1+2, 11.2
 29 Feb,  60, 2248,  20,  28,  11, 129,   5,   -4.0,   -3.9, 1+2, 11.1
 29 Feb,  60, 2218,  22,  36,   7, 124,   2,   -2.9,   -3.6, 1+2, 11.0
 29 Feb,  60, 2148,  28,  39,  16, 114,   4,   -2.4,   -3.8, 1+2, 11.0
 29 Feb,  60, 2118,  26,  45,   0, 108,   4,   -3.9,   -5.1, 1+2, 11.0
 29 Feb,  60, 2048,   0,   0,   0,  92,   0,    1.0,    3.4, 1+1, 11.0
 29 Feb,  60, 2018,  44,  50,  38,  92,   2,   -4.4,   -4.9, 1+2, 11.0
 29 Feb,  60, 1948,  46,  63,  34,  92,  19,   -3.7,   -4.0, 1+2, 11.0
 29 Feb,  60, 1918,  50,  60,  40,  88,  29,   -4.6,   -4.8, 1+2, 11.1
 29 Feb,  60, 1848,  62,  74,  50,  70,  36,   -5.2,   -5.1, 1+2, 11.3
 29 Feb,  60, 1818,  70,  88,  60,  69,  32,   -5.3,   -5.3, 1+2, 11.5
 29 Feb,  60, 1748,  75,  86,  64,  83,   2,   -5.6,   -4.5, 1+2, 11.7
 29 Feb,  60, 1718,  67,  79,  48,  84,  20,   -5.5,   -5.3, 1+2, 11.9
 29 Feb,  60, 1648,  62,  71,  46,  84,  15,   -5.8,   -5.4, 1+2, 12.1
 29 Feb,  60, 1618,  53,  67,  44,  85,   4,   -6.1,   -6.3, 1+2, 12.3
 29 Feb,  60, 1548,  51,  65,  36,  89,   6,   -6.0,   -3.4, 1+2, 12.5
 29 Feb,  60, 1518,  56,  64,  44, 118,   5,   -5.8,   -5.9, 1+2, 12.6
 29 Feb,  60, 1448,  47,  52,  40, 110,   3,   -5.7,   -5.5, 1+2, 12.8
 29 Feb,  60, 1418,  47,  56,  42, 111,   5,   -5.7,   -5.0, 1+2, 13.0
 29 Feb,  60, 1348,  43,  50,  34, 118,   5,   -5.0,   -4.5, 1+2, 13.2
 29 Feb,  60, 1318,  37,  43,  23, 126,   4,   -5.1,   -5.1, 1+2, 13.3
 29 Feb,  60, 1248,  38,  49,  27, 128,   5,   -4.7,   -6.4, 1+2, 13.4
 29 Feb,  60, 1218,  30,  36,  22, 132,   4,   -3.9,   -5.0, 1+2, 13.4
 29 Feb,  60, 1148,  31,  37,  24, 139,   3,   -4.0,   -5.0, 1+2, 13.4
 29 Feb,  60, 1118,  31,  43,  23, 163,  10,   -4.7,   -5.0, 1+2, 13.3
 29 Feb,  60, 1048,  40,  49,  32, 166,   7,   -4.2,   -5.9, 1+2, 13.2
 29 Feb,  60, 1018,  34,  40,  23, 164,   7,   -4.1,   -5.8, 1+2, 13.1
 29 Feb,  60, 0948,  35,  44,  26, 168,   7,   -3.2,   -3.5, 1+2, 12.9
 29 Feb,  60, 0918,  33,  40,  24, 168,   9,   -3.0,   -4.6, 1+2, 12.8
 29 Feb,  60, 0848,  42,  57,  31, 184,  12,   -3.0,   -1.6, 1+2, 12.7
 29 Feb,  60, 0818,  46,  56,  27, 186,   9,   -2.2,   -2.5, 1+2, 12.5
 29 Feb,  60, 0748,  30,  37,  25, 176,   8,   -1.2,   -1.5, 1+2, 12.4
 29 Feb,  60, 0718,  38,  46,  28, 186,   8,   -2.0,   -1.6, 1+2, 12.3
 29 Feb,  60, 0648,  44,  54,  36, 192,   8,   -2.1,   -3.3, 1+2, 12.1
 29 Feb,  60, 0618,  25,  30,  21, 129,   5,    0.4,    0.5, 1+2, 12.0
 29 Feb,  60, 0548,  30,  35,  24,  98,   7,    0.6,    0.6, 1+2, 11.9
 29 Feb,  60, 0518,  34,  44,  21,  78,  14,    0.7,   -0.2, 1+2, 11.9
 29 Feb,  60, 0448,  41,  46,  33,  73,   3,    0.5,    0.4, 1+2, 12.0
 29 Feb,  60, 0418,  50,  56,  42, 113,   5,    0.3,    1.5, 1+2, 12.1
 29 Feb,  60, 0348,  50,  59,  40, 111,   2,   -0.3,   -0.3, 1+2, 12.2
 29 Feb,  60, 0318,  61,  66,  50, 115,   3,    1.3,   -0.1, 1+2, 12.3
 29 Feb,  60, 0248,  54,  61,  46, 110,   4,   -0.6,   -0.6, 1+2, 12.4
 29 Feb,  60, 0218,  50,  60,  39, 110,   3,   -0.3,   -1.3, 1+2, 12.5
 29 Feb,  60, 0148,  47,  51,  43, 117,   3,   -1.8,   -1.0, 1+2, 12.7
 29 Feb,  60, 0118,  40,  43,  36, 117,   3,   -1.7,   -0.5, 1+2, 12.8
 29 Feb,  60, 0048,  37,  42,  28, 123,   5,   -1.7,   -1.2, 1+2, 12.9
 29 Feb,  60, 0018,  33,  41,  20, 145,   5,   -0.4,   -0.4, 1+2, 13.0
 28 Feb,  59, 2348,  30,  37,  25, 163,   3,   -0.2,   -0.3, 1+2, 13.0
 28 Feb,  59, 2318,  31,  36,  26, 163,   3,   -1.0,   -0.8, 1+2, 13.0
 28 Feb,  59, 2248,  31,  40,  25, 162,   4,   -2.7,   -1.0, 1+2, 13.0
 28 Feb,  59, 2218,  45,  51,  37, 174,   8,   -1.1,   -0.8, 1+2, 13.0
 28 Feb,  59, 2148,  33,  45,  28, 170,   7,   -0.6,   -0.8, 1+2, 12.9
 28 Feb,  59, 2118,  31,  41,  21, 180,  11,   -0.7,   -1.3, 1+2, 12.8
 28 Feb,  59, 2048,  30,  44,  21, 186,  23,   -0.7,    0.1, 1+2, 12.7
 28 Feb,  59, 2018,  35,  44,  29, 178,  11,   -1.3,   -1.5, 1+2, 12.6
 28 Feb,  59, 1948,  39,  50,  29, 183,  14,   -0.6,   -0.9, 1+2, 12.5
 28 Feb,  59, 1918,  38,  44,  32, 190,   4,   -0.2,   -0.6, 1+2, 12.3
 28 Feb,  59, 1848,  42,  47,  35, 195,   6,   -0.2,   -0.4, 1+2, 12.1
 28 Feb,  59, 1818,  27,  31,  24, 175,   4,   -3.3,   -4.3, 1+2, 11.9
 28 Feb,  59, 1748,  18,  22,  14, 164,   4,   -3.5,   -4.1, 1+2, 11.7
 28 Feb,  59, 1718,  19,  24,  14, 140,   8,   -3.7,   -3.8, 1+2, 11.6
 28 Feb,  59, 1648,  32,  36,  27, 122,   3,   -5.0,   -4.8, 1+2, 11.5
 28 Feb,  59, 1618,  33,  46,  23, 108,   6,   -3.8,   -3.8, 1+2, 11.4
 28 Feb,  59, 1548,  50,  54,  43, 106,   2,   -4.6,   -4.7, 1+2, 11.3
 28 Feb,  59, 1518,  56,  64,  45, 104,   2,   -4.4,   -4.4, 1+2, 11.3
 28 Feb,  59, 1448,  56,  63,  48, 108,   2,   -4.8,   -4.1, 1+2, 11.3
 28 Feb,  59, 1418,  59,  64,  48, 109,   2,   -4.6,   -4.1, 1+2, 11.3
 28 Feb,  59, 1348,  48,  52,  42, 109,   4,   -5.3,   -3.9, 1+2, 11.3
 28 Feb,  59, 1318,  45,  52,  35, 116,   2,   -4.3,   -3.8, 1+2, 11.3
 28 Feb,  59, 1248,  48,  52,  42, 119,   2,   -4.4,   -3.4, 1+2, 11.4
 28 Feb,  59, 1218,  43,  50,  36, 130,   7,   -4.1,   -3.8, 1+2, 11.6
 28 Feb,  59, 1148,  43,  50,  36, 140,   4,   -3.6,   -3.6, 1+2, 11.7
 28 Feb,  59, 1118,  43,  48,  34, 141,   3,   -4.3,   -3.6, 1+2, 11.9
 28 Feb,  59, 1048,  42,  53,   0, 172,   1,   -3.4,   -3.9, 1+2, 12.1
 28 Feb,  59, 1018,  42,  51,   0, 169,   2,   -3.5,   -3.6, 1+2, 12.3
 28 Feb,  59, 0948,  38,  43,  30, 168,   5,   -3.5,   -6.1, 1+2, 12.4
 28 Feb,  59, 0918,  37,  46,  29, 173,   8,   -3.6,   -3.2, 1+2, 12.6
 28 Feb,  59, 0848,  37,  42,  29, 180,   6,   -4.4,   -5.2, 1+2, 12.7
 28 Feb,  59, 0818,  32,  39,  23, 196,   4,   -5.0,   -4.2, 1+2, 12.7
 28 Feb,  59, 0748,  24,  31,  18, 189,   4,   -5.7,   -6.4, 1+2, 12.8
 28 Feb,  59, 0718,  11,  34,   0, 189,   5,   -4.5,   -4.9, 1+2, 12.8
 28 Feb,  59, 0648,   10,  34,   0, 198,   5,   -4.2,   -4.1, 1+2, 12.8
 28 Feb,  59, 0618,  11,  32,   0, 172,   8,   -3.7,   -3.9, 1+2, 12.8
 28 Feb,  59, 0548,  21,  47,   0, 187,  12,   -4.0,   -4.2, 1+2, 12.8
 28 Feb,  59, 0518,  47,  56,  34, 163,   5,   -3.6,   -4.2, 1+2, 12.8
 28 Feb,  59, 0448,  12,  50,   0, 235,   1,   -3.7,   -3.2, 1+2, 12.7
 28 Feb,  59, 0418,  13,  42,   0, 238,   10,   -3.4,   -3.9, 1+2, 12.7
 28 Feb,  59, 0348,  24,  44,   0, 248,   4,   -1.9,   -4.2, 1+2, 12.6
 28 Feb,  59, 0318,  39,  49,  28, 289,   6,   -3.1,   -3.5, 1+2, 12.6
 28 Feb,  59, 0248,  36,  45,  29, 242,   5,   -3.0,   -3.0, 1+2, 12.5